
0,99.11551,163.17001,144.53595,111.97508,131.36761,136.14516,151.47696,156.81503,114.13723,169.0398,127.80495,158.28969,151.39453,107.51037,154.16867,157.32591,166.23894,140.00743,126.69192,86.08452,115.3187,137.77847,141.86058,151.98814,155.44147,94.22149,166.61998,183.71411,127.109024,133.61577,107.68187,126.740326,152.87572,136.5232,123.17085,186.7788,185.49496,154.83199,150.10768,149.08812,118.657845,139.76831,120.64797,117.37785,149.253,139.59767,148.89752,92.41038,102.411224,163.35315,135.41296,159.07713,165.81087,137.27563,185.97586,135.24348,177.46788,123.73314,126.64852,132.57637,129.12369,136.95923,96.04047,121.91709,178.5537,135.01947,138.41325,137.89594,119.36663,135.08759,154.28424,128.56403,117.769806,170.19011,172.03958,171.57472,112.524475,144.71854,138.82031,131.40625,128.04042,125.90976,125.75867,169.58765,185.10738,136.71925,152.40303,171.3049,153.61745,175.51778,119.594,142.46146,132.79745,160.86697,124.29768,149.28453,148.5273,151.44618,137.37521,
99.11551,0,167.64825,146.24661,140.55875,155.71053,172.57138,176.64622,173.75632,137.6104,158.82451,159.48958,113.38458,145.024,107.966606,131.25334,165.47559,151.8725,144.11461,158.33916,98.76643,142.88362,147.69257,154.25275,143.28607,108.31946,87.30371,149.12181,168.73299,136.68402,158.84805,93.23019,152.46736,151.16142,118.29522,132.93335,195.4617,154.30344,156.85988,147.63492,153.27448,132.57706,146.10202,141.03299,138.82133,158.06882,170.3744,158.80939,147.73846,140.04517,160.0285,142.998,160.22556,143.64824,155.39513,180.18669,144.28348,155.1978,137.56047,136.01212,122.250854,147.12921,161.24161,162.73265,141.26118,176.54295,144.43112,133.39238,153.62485,134.18825,137.6948,143.66158,141.27286,135.20808,180.36565,151.0737,197.86865,142.07675,124.434906,110.36135,143.415,136.57417,117.784996,129.95284,148.33366,155.35515,134.53506,139.96104,149.68997,106.826355,154.12296,139.96167,145.88466,136.00865,190.82587,131.27084,155.10959,122.48217,171.68037,148.26328,
163.17001,167.64825,0,133.59854,112.618866,125.58196,112.79277,121.18992,122.386375,162.32059,129.57413,143.96442,156.9907,152.30283,169.32756,112.32542,100.66874,130.67566,109.10718,125.30581,142.8412,98.673645,157.82275,108.41581,133.069,155.54716,172.95186,126.24866,144.86115,160.12698,135.85986,144.94481,116.30272,165.8653,140.10753,132.43614,89.33043,165.9005,93.14155,95.96721,128.33315,150.77821,126.61388,150.41826,143.12015,164.31914,124.52968,103.55791,119.90163,174.1114,139.92961,57.47575,116.06236,153.13792,146.38005,97.14105,125.959435,110.90207,144.67029,124.533554,129.14833,117.47712,149.19429,165.065,117.877754,125.292595,93.073265,137.55273,140.44278,119.497314,129.20616,119.03228,87.82559,154.58275,101.310074,128.75311,151.92151,124.83783,148.32883,151.25162,122.22131,127.27915,100.636406,147.72258,130.83218,106.11702,105.29496,138.64755,103.85203,136.71373,158.63583,153.71387,125.48086,108.62604,98.38519,109.55431,118.24777,174.38492,129.23203,132.11603,
144.53595,146.24661,133.59854,0,129.60327,141.33568,133.80962,175.42006,143.27194,138.7406,159.49686,166.26833,160.39308,126.57126,148.69865,167.73715,95.595764,140.32661,152.43578,142.8007,142.2202,116.51248,149.04875,126.8294,127.12887,156.20886,174.3099,142.59644,153.44391,176.90894,141.75691,160.74358,162.54584,180.99171,154.69583,148.7499,154.76212,151.81583,135.59181,144.28328,116.23712,130.78906,116.823204,138.10086,129.82458,123.913734,110.061935,159.03075,139.28432,158.75758,145.42343,114.66223,168.94656,185.3982,160.9574,175.71577,107.98268,132.3191,120.086876,152.26869,165.32985,125.64591,150.47592,139.39706,87.723755,175.4483,151.26425,165.74767,164.88036,162.89555,111.69709,165.25621,144.16063,119.88527,110.19848,135.26862,189.25664,156.0648,175.64005,129.28746,151.3796,167.65779,99.45846,140.91881,141.71544,167.07693,149.52296,150.83098,120.014366,153.4088,145.7944,134.09837,130.8717,164.88742,174.10695,126.917656,127.66839,162.71507,121.250015,171.97292,
111.97508,140.55875,112.618866,129.60327,0,106.60133,109.44152,145.1341,115.54131,149.0614,152.98288,140.00766,158.51122,107.412994,104.92871,154.71347,118.26285,118.05757,132.68678,84.68475,119.19868,62.929874,107.60777,97.804146,165.64706,142.25757,141.14757,134.3982,145.53645,154.1481,123.459885,145.21666,126.59053,149.01479,103.45283,145.22418,155.193,174.78667,157.71692,82.69397,145.50676,103.49461,107.54384,135.5488,110.43847,138.17773,143.01778,130.7431,109.684525,131.24423,170.06456,113.51278,145.28897,140.251,127.62457,145.80185,124.260284,116.125175,145.43784,113.46283,97.034134,112.29408,127.9344,121.22927,124.9021,118.18861,130.54448,158.75983,112.4639,134.5883,89.46418,83.846306,95.05448,80.13095,144.26018,144.37172,136.79385,104.47694,157.8134,139.84195,145.93202,99.80429,106.01545,118.842026,111.93121,135.90453,120.12482,131.29381,121.51605,151.9638,151.23276,121.07912,101.91929,143.73381,134.94794,126.076996,158.64487,134.19057,154.17897,94.058815,
131.36761,155.71053,125.58196,141.33568,106.60133,0,117.165955,156.81223,162.68034,179.28514,162.60489,167.0184,143.29471,152.79745,155.76651,169.17953,138.88057,125.63843,147.54198,133.83034,103.24942,87.819374,123.85912,136.78943,127.33455,140.5466,137.6417,157.10823,181.05096,164.50645,137.62717,146.65318,168.62178,163.47372,142.12567,113.28066,151.55426,189.18808,141.72997,133.23026,102.64759,113.860725,150.33891,124.288704,167.23952,177.2076,150.99164,152.8354,132.48282,162.17719,167.27612,135.5318,162.12811,130.16537,139.8048,149.92201,139.9371,139.63808,125.6301,113.39121,118.925865,129.08324,122.49361,158.31769,140.21196,157.28864,126.716576,178.57028,155.80629,160.59628,134.59006,146.89003,112.648254,146.9229,103.202446,140.16405,145.85751,140.84349,125.0641,163.47537,175.86511,123.08832,140.46167,139.23866,180.81589,165.3075,145.8592,164.79926,148.67746,171.08116,169.76675,151.00897,111.577065,137.31927,148.79152,145.94626,161.43153,168.83542,175.91414,122.44154,
136.14516,172.57138,112.79277,133.80962,109.44152,117.165955,0,90.98729,97.436226,157.2554,106.165596,99.61271,148.93477,134.3352,166.59265,128.05743,127.18761,113.686806,138.87215,102.403404,131.4058,68.34648,118.83731,132.84831,127.34192,146.50058,148.90074,139.88043,136.96992,149.7637,102.73816,159.44641,124.22064,141.9589,159.29846,126.60902,109.07295,196.5136,131.96739,106.48662,131.76288,124.29711,131.14973,116.59461,107.37997,138.97188,123.99727,115.1641,120.806786,151.82274,136.58017,123.72687,136.64772,131.29759,81.86388,132.97472,120.24148,143.90517,110.931114,135.88132,126.967674,103.58956,84.88869,93.40899,107.31171,176.78204,150.7408,151.68185,146.17838,137.42377,134.80614,136.19208,119.5321,134.75876,106.30364,125.701004,130.263,139.61314,146.42421,163.92044,116.55513,145.56328,106.64421,111.54533,165.41821,142.72429,131.65239,152.15514,133.17729,155.69955,158.59769,121.713066,125.86437,120.23375,86.79671,122.26897,131.37802,148.64943,147.93774,132.43585,
151.47696,176.64622,121.18992,175.42006,145.1341,156.81223,90.98729,0,94.43065,184.7557,113.80821,79.40102,148.56316,150.10686,185.6304,107.65593,167.99744,171.27994,118.75987,106.20413,137.15054,124.63496,169.69226,145.35358,147.40636,149.58527,163.101,153.71594,147.65051,144.05977,143.93105,138.9858,94.75156,143.89903,177.47125,136.73817,108.90756,211.65866,131.38538,123.44189,164.19547,172.16856,151.18794,160.34543,140.80032,171.08281,125.35486,75.77884,126.633194,171.3555,160.96504,129.39128,144.97508,136.80104,107.687065,146.30046,125.69747,159.26822,145.59383,139.7447,160.07805,142.48915,134.11557,132.9711,141.23883,183.3278,135.00917,122.24289,132.91891,101.54156,179.88857,137.62143,125.509674,156.65845,142.68068,133.61157,132.1606,158.24364,139.84854,175.04594,95.640755,162.82109,107.56948,138.66301,171.6747,150.77713,154.17783,179.79674,146.61156,137.87755,161.99698,156.15503,129.92844,113.14039,91.42588,112.336716,144.91055,166.77043,163.04373,151.69514,
156.81503,173.75632,122.386375,143.27194,115.54131,162.68034,97.436226,94.43065,0,165.07585,99.19424,115.23811,147.4398,103.58874,141.57506,129.54507,132.51968,157.76578,139.70308,83.52156,155.6372,105.53515,130.31006,95.016525,160.79904,136.16483,167.06113,124.99893,113.53374,132.9062,123.529945,160.25806,94.7701,126.16719,143.67914,142.89339,133.76315,169.88612,148.93295,88.170975,166.04396,148.46156,106.28777,142.21361,123.77047,113.928635,105.35596,119.100266,124.72702,160.50449,180.87926,126.72643,157.25133,142.88216,118.19854,156.30148,94.090675,124.88789,142.5032,160.78044,144.9991,130.2323,125.71031,130.68762,132.03227,150.04771,143.2602,137.4965,129.04475,124.236305,133.95877,123.73424,110.287254,115.94764,139.30714,110.92365,115.322334,144.47346,162.70226,157.93532,112.423584,136.29434,94.82036,120.79353,137.8371,128.39067,154.08163,155.48886,95.739815,135.79596,122.59364,154.84396,117.56285,148.42561,108.01357,114.87222,146.54172,136.16116,144.35489,124.5699,
114.13723,137.6104,162.32059,138.7406,149.0614,179.28514,157.2554,184.7557,165.07585,0,171.83673,152.75749,179.058,163.42651,126.271194,148.8053,116.23663,180.9319,191.6764,154.25719,152.44514,149.17928,146.63274,143.32011,154.58961,180.36935,138.44742,168.63942,163.07375,146.38573,131.22588,158.22281,128.46907,165.59254,130.7394,132.25238,183.28445,136.8001,158.41821,157.64403,157.13405,152.78467,111.22466,112.29325,107.65827,117.457634,140.06873,174.32162,119.28828,115.41794,154.03871,132.307,164.25981,194.42343,178.8859,185.55922,152.7558,186.84482,117.73022,172.75833,155.93626,96.69953,147.40948,123.53268,124.680016,164.2168,156.50165,151.90858,154.54851,139.64636,128.0038,197.01816,144.51463,152.99773,161.9579,185.40594,214.5603,111.41527,163.1696,146.92911,137.33778,146.02776,150.06387,153.77861,191.75009,172.64206,148.95085,126.966225,159.00134,166.15364,200.68733,141.46524,182.3185,127.17369,158.9381,117.865906,137.01767,158.30782,105.88647,173.62991,
169.0398,158.82451,129.57413,159.49686,152.98288,162.60489,106.165596,113.80821,99.19424,171.83673,0,131.87427,111.763855,155.58727,162.22401,89.67365,154.89372,123.14817,149.52135,141.32504,144.96243,116.65699,124.34238,124.5132,135.1089,108.85689,133.62265,112.03156,138.2648,113.246574,120.93969,147.03021,121.09654,106.870224,151.47162,119.13791,126.65375,158.27933,132.01259,109.63117,151.52382,143.31412,154.18213,121.8297,135.85762,124.79115,135.15285,144.03691,161.78271,165.20557,159.17,138.59175,130.47607,118.29964,119.99063,116.859726,123.01199,141.9259,123.02802,159.07147,119.93769,145.23753,105.019966,158.73666,122.44274,182.56541,160.3956,130.06451,182.32497,150.06319,157.62524,149.49051,123.96251,161.568,136.96704,116.25313,132.9646,158.43129,137.65712,146.06491,111.119965,138.51266,109.63991,126.49807,157.75183,92.99352,133.40329,130.57274,106.992516,124.31867,113.99495,151.17714,138.78917,133.74083,103.03144,147.2445,136.448,127.775566,155.36357,140.90244,
127.80495,159.48958,143.96442,166.26833,140.00766,167.0184,99.61271,79.40102,115.23811,152.75749,131.87427,0,160.7172,142.26465,164.82933,107.657814,172.32632,168.46878,141.00269,119.363014,136.19543,127.16136,164.31761,155.56123,147.0153,152.23833,145.44633,174.67073,139.1509,140.50946,116.36356,125.51389,90.87934,118.36287,157.28569,152.69592,121.59791,208.73906,135.78328,121.706924,160.83176,145.36766,147.90636,141.37138,92.817314,155.33037,138.70982,82.05151,124.97519,139.61465,125.72235,131.18935,118.25583,144.3075,108.580505,148.331,120.244225,163.8403,134.14232,130.58994,152.48137,134.38063,121.07985,92.51434,129.84816,177.0893,162.46436,113.5515,134.21555,109.07158,174.97098,146.84875,130.6516,128.80328,154.76158,155.44511,142.47878,130.26735,145.55682,138.27261,88.222275,161.03769,123.110275,143.64822,167.65764,156.68723,157.84341,149.39839,168.6332,159.36,161.08601,140.61147,135.14983,109.771034,100.8465,116.62904,143.4452,157.58179,136.7809,164.40927,
158.28969,113.38458,156.9907,160.39308,158.51122,143.29471,148.93477,148.56316,147.4398,179.058,111.763855,160.7172,0,138.96463,145.41042,111.59975,166.14952,138.7713,169.88066,144.3878,107.79341,141.85576,137.6382,143.4213,138.35208,46.29841,119.91522,139.68504,155.2757,131.40326,168.86069,139.66254,154.96487,130.49033,140.07303,101.16928,169.31271,137.35703,159.51816,139.46144,125.12897,155.43839,144.88441,130.82442,164.19818,154.59589,164.50569,156.50272,178.32326,174.58176,168.06914,164.71805,177.6887,84.19006,151.79414,154.26152,136.56241,152.53459,134.95168,135.7577,131.03249,142.42455,136.167,186.40047,151.19972,181.16325,150.9319,161.411,159.46281,161.06438,166.09615,151.40761,149.94289,160.89021,145.41286,115.90137,177.93727,182.92503,72.63813,148.65022,163.07822,143.24051,119.246376,144.48018,169.76282,123.80983,169.63654,153.49214,118.6317,83.263855,143.96622,159.57088,120.93645,130.78618,167.59286,133.14888,179.44528,89.109726,192.47343,148.0963,
151.39453,145.024,152.30283,126.57126,107.412994,152.79745,134.3352,150.10686,103.58874,163.42651,155.58727,142.26465,138.96463,0,126.505066,160.31577,127.618965,152.98085,164.2871,96.31664,153.95734,122.59644,122.23806,130.80789,153.29141,115.79578,163.29427,138.42342,84.23449,176.97299,139.4541,160.30315,147.4407,146.6397,113.65862,162.71028,164.3842,168.5452,178.71124,96.62765,166.90604,139.94043,80.26424,155.81628,125.76866,128.4127,148.05882,130.61874,147.02634,161.08606,182.29385,148.25714,181.64621,128.12509,130.74391,189.09825,117.041504,101.277954,140.88268,159.2104,144.32867,117.677505,139.25981,145.1329,157.49283,133.63036,163.42134,158.3881,97.45983,137.65132,108.1218,118.28087,129.21231,84.53931,145.15762,106.824135,163.58041,149.4305,152.04263,142.35419,151.76402,152.67627,110.72284,110.73836,142.59787,152.36209,170.15088,160.77553,106.97942,139.61722,140.56175,152.19669,111.070816,155.36044,168.95123,111.462555,165.1433,125.54085,164.90086,139.24046,
107.51037,107.966606,169.32756,148.69865,104.92871,155.76651,166.59265,185.6304,141.57506,126.271194,162.22401,164.82933,145.41042,126.505066,0,160.15858,152.62749,166.02005,172.07597,133.63281,129.11601,124.16125,121.165405,105.74646,183.90344,130.77444,117.43981,163.683,168.41415,110.99595,139.79655,141.86954,134.93388,126.61471,88.894936,141.5907,209.65843,134.29114,175.67029,126.14255,155.82808,109.31047,116.897484,115.09469,132.28123,123.50057,157.40538,180.69592,129.18304,130.44196,187.56801,148.75327,172.5048,160.10863,167.73424,185.33292,119.25106,152.72786,156.09352,149.79315,117.72107,142.91231,153.7477,148.83322,148.1148,137.33038,148.33025,165.96217,147.6428,156.2257,116.10609,141.73515,124.89842,98.9635,183.12384,159.92766,160.78008,117.65057,155.8759,124.74602,166.40118,85.53433,138.8353,146.8045,139.32747,153.67241,162.56099,127.806145,140.17754,147.59306,144.51674,160.35956,136.73282,166.61708,177.81215,140.54614,182.04344,108.512794,160.56311,110.36346,
154.16867,131.25334,112.32542,167.73715,154.71347,169.17953,128.05743,107.65593,129.54507,148.8053,89.67365,107.657814,111.59975,160.31577,160.15858,0,154.82494,142.69551,135.27557,146.50569,132.85393,134.01102,161.16888,141.51048,131.34236,116.29536,130.01886,141.67116,137.8656,117.49536,135.90923,118.57791,98.40365,119.89745,138.7084,121.24268,119.03704,156.52081,108.3339,113.698296,143.32971,156.43085,145.26208,132.82742,124.550644,156.56696,151.08188,108.124794,146.6889,163.56679,116.85999,111.78486,105.936676,122.41178,134.75298,105.11761,130.8568,148.31451,136.41324,133.26443,123.91597,130.09718,137.77417,160.19084,129.70387,164.04204,133.89214,108.4573,154.5857,115.03449,165.70743,139.82483,121.53686,166.29216,146.32191,132.90858,165.61465,139.46939,109.76356,131.32916,94.993385,136.43332,110.30104,147.31442,151.66025,91.51324,126.8225,122.150406,128.9875,99.81381,151.79465,154.10623,146.0441,80.57565,105.436,110.646286,131.83691,132.43457,144.25531,149.93425,
157.32591,165.47559,100.66874,95.595764,118.26285,138.88057,127.18761,167.99744,132.51968,116.23663,154.89372,172.32632,166.14952,127.618965,152.62749,154.82494,0,141.77344,165.91821,124.96867,159.78355,114.32162,129.06946,112.17693,131.16513,165.41519,175.66264,120.66853,127.116135,179.23175,134.59888,177.02628,144.68854,184.36375,130.63432,130.2511,138.54256,132.4031,141.46973,120.73053,136.42418,153.93555,75.00908,135.5688,133.89256,122.25157,117.49542,152.1566,124.66077,158.45297,163.58415,101.0684,168.27338,173.04927,163.68744,160.27939,138.4059,126.56571,117.56253,165.31363,147.08984,73.10825,142.20078,152.90787,119.29473,130.88045,128.0296,164.64427,134.78749,141.09164,82.739235,160.87274,118.22959,146.74821,97.40811,135.00818,194.16637,131.62796,162.03539,162.19641,147.11334,145.19736,116.28798,131.64615,163.358,142.6124,129.21693,143.02286,91.8058,150.16716,179.78635,142.71812,148.41766,131.63602,143.8961,103.67512,120.41941,165.04057,117.53405,151.02184,
166.23894,151.8725,130.67566,140.32661,118.05757,125.63843,113.686806,171.27994,157.76578,180.9319,123.14817,168.46878,138.7713,152.98085,166.02005,142.69551,141.77344,0,162.23732,154.88963,141.61765,91.04915,109.81724,152.7279,143.42668,126.68854,142.34946,124.91851,153.42107,180.02373,134.00851,167.73781,178.43445,159.41838,141.19363,154.76494,146.39172,183.13817,160.78032,112.272545,142.71869,114.55675,162.00198,140.01808,129.55997,155.72862,183.40038,162.981,180.79431,168.61505,147.72195,145.84126,136.42134,122.14013,127.11787,116.798775,162.17854,128.5828,136.8239,139.24506,87.60965,135.09496,114.932686,162.26163,126.22346,178.83401,182.28903,177.3291,185.52975,184.278,125.18993,125.54567,140.83995,148.6268,138.60532,143.18085,173.05585,157.94055,157.08675,145.32777,161.62708,147.85648,124.41839,126.33391,141.53453,112.05807,111.05519,123.70384,130.46628,155.26233,153.40627,122.17077,139.19264,151.29756,148.71642,170.63063,157.60661,136.9443,181.44879,143.15222,
140.00743,144.11461,109.10718,152.43578,132.68678,147.54198,138.87215,118.75987,139.70308,191.6764,149.52135,141.00269,169.88066,164.2871,172.07597,135.27557,165.91821,162.23732,0,151.15807,138.95439,116.48457,184.70485,150.28572,141.87462,163.22253,161.4941,151.07501,174.54109,156.65251,151.19481,108.24867,137.27046,176.999,170.44984,162.73268,145.93146,218.16208,102.79899,129.6927,168.92747,147.76147,168.82692,177.96396,163.02228,196.71892,143.5515,109.950836,113.072495,189.07999,160.40182,90.90698,131.70462,174.10188,122.88996,160.58414,123.7303,128.67384,166.63513,145.55536,147.09955,172.73041,179.48213,163.32584,141.46169,180.85988,106.56039,118.256355,162.83,105.34985,150.93503,111.76292,109.9876,153.46793,160.501,129.72946,143.01268,143.27376,174.09648,150.75081,109.722176,149.76193,99.4438,133.02847,130.55525,161.97739,111.70566,182.90219,150.2581,140.34698,143.32857,171.0158,145.27237,145.79701,149.18773,132.396,118.57216,194.57014,166.97385,133.13718,
126.69192,158.33916,125.30581,142.8007,84.68475,133.83034,102.403404,106.20413,83.52156,154.25719,141.32504,119.363014,144.3878,96.31664,133.63281,146.50569,124.96867,154.88963,151.15807,0,117.382195,105.61232,122.49386,95.24693,168.66522,136.96191,155.61877,125.541504,132.59886,155.30852,146.57896,152.66722,98.32566,147.82631,131.75258,128.26988,139.5186,168.6512,171.68393,103.77136,155.44012,155.87398,93.309364,149.9628,116.26868,121.766754,112.88574,108.36246,121.20691,125.18261,189.4423,134.63927,172.28394,131.05295,137.08615,158.7358,126.737495,142.54271,136.11115,120.25242,142.17061,103.75078,119.8494,118.63215,127.46799,136.27481,133.99193,148.23761,74.880554,116.90783,132.23221,116.810936,116.88952,96.94484,139.30186,144.91776,149.44019,139.85484,140.34753,162.82338,132.97905,138.08025,93.84648,125.73587,143.32085,143.54494,152.9165,153.35823,111.16786,134.33443,160.79572,114.93674,87.9039,132.87035,122.6728,104.19628,167.3765,126.60565,153.2795,134.27538,
86.08452,98.76643,142.8412,142.2202,119.19868,103.24942,131.4058,137.15054,155.6372,152.44514,144.96243,136.19543,107.79341,153.95734,129.11601,132.85393,159.78355,141.61765,138.95439,117.382195,0,115.75803,138.40836,125.97551,143.11221,114.0728,97.82582,145.74625,187.00528,127.01681,156.53978,99.53619,128.59871,143.02556,139.32063,90.73125,159.86076,162.74455,146.569,145.89062,109.80188,133.10158,150.2046,125.86886,137.32236,152.61,134.56854,135.92892,133.85022,115.260345,160.00795,137.63008,155.55452,126.15752,150.51237,146.13168,133.88358,167.98978,120.8956,71.463425,127.03856,134.04616,125.71204,138.068,107.48711,175.26544,124.375,142.23788,139.99608,135.81718,158.6005,143.62288,130.66423,128.79865,144.47012,160.76892,167.06412,145.49478,98.42304,132.91867,144.28146,130.19284,106.30291,143.78644,156.00774,152.87247,141.43752,141.2527,148.59897,122.067635,157.67595,107.704956,95.618706,121.062126,151.06343,129.13356,165.02911,125.33653,163.54393,146.19621,
115.3187,142.88362,98.673645,116.51248,62.929874,87.819374,68.34648,124.63496,105.53515,149.17928,116.65699,127.16136,141.85576,122.59644,124.16125,134.01102,114.32162,91.04915,116.48457,105.61232,115.75803,0,98.92683,106.058495,131.19211,132.00899,129.03441,129.83514,143.3845,133.61714,94.418175,141.21307,129.00122,135.60735,123.96188,124.33812,134.41937,177.23312,122.95299,83.243774,119.33489,79.32051,120.455345,103.8545,111.57051,136.73682,130.29765,129.70346,103.01667,145.63191,140.03712,102.100266,125.921265,129.90436,91.37078,127.98313,104.02914,113.17064,121.155334,121.0468,86.448456,109.04524,102.85368,110.415016,105.30911,146.97115,126.37332,151.88919,143.87877,137.17432,93.574554,101.87157,89.705154,108.69077,114.05431,115.35101,113.997345,110.98341,146.48572,138.97292,129.56326,99.0497,98.75093,102.18468,128.97968,128.17119,106.7013,132.34291,117.258766,146.38812,135.58936,125.43099,111.59437,130.77086,111.09364,124.02524,130.6426,135.9518,147.18721,84.51404,
137.77847,147.69257,157.82275,149.04875,107.60777,123.85912,118.83731,169.69226,130.31006,146.63274,124.34238,164.31761,137.6382,122.23806,121.165405,161.16888,129.06946,109.81724,184.70485,122.49386,138.40836,98.92683,0,122.02461,145.14034,119.18782,108.62671,110.16523,132.4177,149.91795,105.10687,161.56401,155.29279,125.00821,102.11516,123.66109,168.9679,154.56435,181.56659,105.21379,159.92426,109.06025,124.74249,107.340164,126.76997,101.665955,154.4066,174.4445,153.8767,123.55047,192.85812,160.54214,164.55464,114.275215,128.94121,160.62848,149.81808,134.37552,101.37198,161.51813,87.44495,112.455666,74.61051,142.08855,141.10773,149.8696,175.18785,163.37044,156.70815,163.894,99.580376,150.42815,116.13397,125.31683,140.70079,139.3306,152.08514,128.49425,144.11746,149.50952,156.58511,118.10823,138.4993,94.01071,175.29604,134.41934,134.70166,123.418144,116.61859,164.74951,145.89163,126.53224,133.54762,150.48936,144.26054,157.6987,157.39812,122.2059,164.14154,120.98554,
141.86058,154.25275,108.41581,126.8294,97.804146,136.78943,132.84831,145.35358,95.016525,143.32011,124.5132,155.56123,143.4213,130.80789,105.74646,141.51048,112.17693,152.7279,150.28572,95.24693,125.97551,106.058495,122.02461,0,167.92107,135.82953,152.53671,116.896774,155.68494,118.25665,136.76184,146.79443,96.97079,130.7596,112.235794,114.140305,147.59015,113.15552,143.98218,103.18788,132.73347,137.2551,105.84254,125.37527,136.00694,99.96061,93.25709,148.18755,122.63933,130.58853,187.31104,110.668625,153.87875,154.65147,169.68602,134.87358,101.87567,130.42206,139.33083,128.27011,130.29486,128.00995,133.9129,154.1581,108.86271,114.5185,114.16987,147.01193,137.36916,140.77919,123.23689,135.7036,94.3392,111.96021,131.2,144.67516,134.31274,123.91914,151.26112,136.0792,142.19934,96.068085,103.659996,150.18019,122.53537,113.89499,143.22253,118.366295,85.27992,137.28801,124.41526,143.56963,96.07485,149.97615,123.95591,126.84429,156.57343,132.05316,123.31571,121.83318,
151.98814,143.28607,133.069,127.12887,165.64706,127.33455,127.34192,147.40636,160.79904,154.58961,135.1089,147.0153,138.35208,153.29141,183.90344,131.34236,131.16513,143.42668,141.87462,168.66522,143.11221,131.19211,145.14034,167.92107,0,136.57086,135.52858,140.84653,134.56525,166.54486,112.35382,124.56466,163.51724,155.8303,152.75246,120.607994,121.722885,180.49466,100.084656,140.07768,129.9615,137.40643,148.70322,127.678535,154.29233,163.56395,137.22443,136.03792,141.38245,171.7324,128.21326,119.477234,137.45708,142.02917,123.994705,159.79904,133.49649,128.63441,76.14772,163.58662,144.63104,125.1964,123.74762,160.82214,134.48918,180.18365,144.83769,123.87337,172.77145,130.76228,140.7202,180.10657,120.58468,172.54903,89.18731,106.67799,175.57042,143.30606,125.64191,138.29178,122.970314,166.18001,131.75659,114.53152,199.04913,160.45483,132.6185,160.13873,140.37202,155.60382,155.3216,161.16156,154.85231,107.56995,146.50885,125.267334,81.64543,185.58711,136.33519,168.07301,
155.44147,108.31946,155.54716,156.20886,142.25757,140.5466,146.50058,149.58527,136.16483,180.36935,108.85689,152.23833,46.29841,115.79578,130.77444,116.29536,165.41519,126.68854,163.22253,136.96191,114.0728,132.00899,119.18782,135.82953,136.57086,0,111.44609,127.96406,133.08194,134.42415,149.99467,126.787056,151.2833,106.887474,114.37982,120.599525,163.01347,142.3839,161.46416,114.25475,138.03752,134.5619,140.35028,132.46645,150.52408,142.90259,165.27357,147.45056,176.64975,162.58125,169.60387,159.92577,161.21915,66.16343,139.15727,148.44975,127.565865,124.34525,131.14941,132.53156,111.69516,144.81355,124.25229,180.12791,151.75638,160.94083,159.49612,147.42426,151.99257,155.62486,151.52174,131.30367,133.05864,135.12164,147.2172,107.08972,157.89839,165.74387,89.30176,123.44514,155.08192,133.30891,116.157234,129.12314,151.40173,111.09356,160.77275,136.31345,110.75845,101.06668,114.99695,154.09975,104.60007,136.89159,163.22775,139.72658,173.32349,88.009346,184.11539,137.67125,
94.22149,87.30371,172.95186,174.3099,141.14757,137.6417,148.90074,163.101,167.06113,138.44742,133.62265,145.44633,119.91522,163.29427,117.43981,130.01886,175.66264,142.34946,161.4941,155.61877,97.82582,129.03441,108.62671,152.53671,135.52858,111.44609,0,145.73785,171.7026,110.82083,123.05961,97.528755,143.4799,112.67955,114.676895,108.28329,183.92722,168.18022,159.45322,139.62071,156.63054,113.73759,162.31401,106.699745,135.51587,146.72548,168.42148,165.81769,144.87288,114.6056,169.2797,157.06783,143.03148,119.44712,134.38297,162.72722,153.04991,167.33485,109.08101,140.63376,91.75425,142.77849,111.562386,146.7948,143.97751,178.09886,159.1634,128.42958,169.18938,140.13368,147.12006,161.37238,124.30431,148.03944,171.89728,159.16055,165.53568,122.15553,112.142105,125.76583,136.75243,116.191696,143.79797,117.25546,184.02692,150.48921,129.45639,126.55743,161.03836,145.63565,153.71523,135.88046,149.6501,124.147316,156.81071,153.55618,152.36404,129.25224,169.3855,134.60493,
166.61998,149.12181,126.24866,142.59644,134.3982,157.10823,139.88043,153.71594,124.99893,168.63942,112.03156,174.67073,139.68504,138.42342,163.683,141.67116,120.66853,124.91851,151.07501,125.541504,145.74625,129.83514,110.16523,116.896774,140.84653,127.96406,145.73785,0,128.43466,172.552,148.56844,146.59383,143.13324,162.50682,133.22563,133.21558,136.91098,148.33464,166.14154,113.22732,179.72604,165.95576,136.05159,166.63069,145.59186,116.830925,132.10686,148.18266,166.62378,144.40816,203.62166,135.05965,160.13448,136.82744,152.49248,146.08948,160.19179,120.19587,118.55281,163.05284,126.15765,134.17616,127.02163,177.4563,128.21877,157.54836,154.74251,125.704216,154.20343,137.29729,121.06782,140.91882,118.207344,149.49237,141.90817,135.60426,178.99168,154.33913,156.92352,150.75774,124.982796,155.88141,95.638855,102.53632,147.37386,110.12706,101.90792,135.83719,73.58449,127.388405,135.66512,120.178986,131.83269,146.7242,145.17084,149.39742,129.07043,151.66379,154.2986,157.01105,
183.71411,168.73299,144.86115,153.44391,145.53645,181.05096,136.96992,147.65051,113.53374,163.07375,138.2648,139.1509,155.2757,84.23449,168.41415,137.8656,127.116135,153.42107,174.54109,132.59886,187.00528,143.3845,132.4177,155.68494,134.56525,133.08194,171.7026,128.43466,0,189.45859,123.41781,167.34496,147.43861,145.19632,121.67758,172.2982,134.94382,175.95926,168.46898,89.95502,189.39642,161.62143,103.335175,164.78908,126.06443,135.99281,161.28015,124.076256,164.47171,174.90245,171.5594,143.90948,158.05258,130.08464,128.69307,172.64447,144.22708,98.7684,132.11348,186.65833,145.41913,115.766106,134.46889,163.36168,168.85266,136.57088,179.84093,137.12079,126.301796,130.81975,123.16346,143.39603,127.04645,137.84631,141.59358,108.783195,177.1103,145.38776,158.66522,148.4262,128.10808,170.44212,130.41362,110.42684,169.21803,132.62346,155.81575,151.4357,109.195206,153.01591,153.20686,166.29056,151.12617,135.15308,147.15451,121.61273,136.8438,155.97777,151.27472,162.7477,
127.109024,136.68402,160.12698,176.90894,154.1481,164.50645,149.7637,144.05977,132.9062,146.38573,113.246574,140.50946,131.40326,176.97299,110.99595,117.49536,179.23175,180.02373,156.65251,155.30852,127.01681,133.61714,149.91795,118.25665,166.54486,134.42415,110.82083,172.552,189.45859,0,133.5597,129.03644,107.69898,99.02769,143.10649,107.78532,185.79568,151.38559,134.33308,143.80998,143.80032,132.01196,158.556,94.61436,153.701,144.13301,139.17899,171.94159,126.95898,153.38573,170.05179,144.32828,150.04555,157.78792,156.32632,159.62337,107.79468,179.71599,148.57765,155.00754,133.43076,162.7999,144.23387,155.43782,140.90588,178.55492,134.85837,143.96329,184.02867,148.49738,170.0437,171.43686,124.723724,158.86485,172.61136,154.39212,131.15688,136.44662,137.32687,144.41145,138.60292,94.74924,144.00476,162.26271,173.85258,146.40369,164.86542,142.57106,154.30139,141.93533,138.75398,181.30428,153.4327,145.34077,137.13939,144.44995,165.28683,133.35866,156.74014,122.566895,
133.61577,158.84805,135.85986,141.75691,123.459885,137.62717,102.73816,143.93105,123.529945,131.22588,120.93969,116.36356,168.86069,139.4541,139.79655,135.90923,134.59888,134.00851,151.19481,146.57896,156.53978,94.418175,105.10687,136.76184,112.35382,149.99467,123.05961,148.56844,123.41781,133.5597,0,135.65375,130.01985,103.53636,116.38413,142.47546,133.44554,182.7582,121.37468,95.13367,151.81255,82.46197,136.83801,93.80709,106.27701,126.20409,137.37183,142.44687,116.17807,136.62732,136.1135,117.03193,100.92603,146.94173,102.60356,144.5459,113.57206,122.61754,97.5506,163.22606,106.0595,122.54192,89.88174,113.98166,128.52423,147.57942,162.61734,124.86166,168.63297,135.78333,115.66544,157.38734,87.96961,129.45897,125.06214,130.88705,118.576515,81.617836,159.90764,119.71147,111.11784,119.90795,142.53558,109.29277,174.24083,142.6861,125.36284,118.20079,144.63597,184.55049,133.2025,153.61989,150.1901,128.80978,106.317505,141.99986,103.831474,168.07672,112.53983,128.60812,
107.68187,93.23019,144.94481,160.74358,145.21666,146.65318,159.44641,138.9858,160.25806,158.22281,147.03021,125.51389,139.66254,160.30315,141.86954,118.57791,177.02628,167.73781,108.24867,152.66722,99.53619,141.21307,161.56401,146.79443,124.56466,126.787056,97.528755,146.59383,167.34496,129.03644,135.65375,0,120.670204,126.57675,127.39633,132.40216,150.65099,181.63373,120.133804,134.72565,156.95326,134.42357,166.52748,150.26921,142.60315,167.42566,142.8157,116.924225,130.18245,129.39388,155.67044,116.9815,113.790016,143.47487,145.51231,151.84836,130.02235,142.8284,127.286026,117.5858,130.15329,162.2084,148.37172,158.15912,134.2751,162.72339,128.50284,72.56904,153.37775,98.66105,162.79263,145.35068,105.04167,137.76366,162.9127,152.83344,155.99544,116.33863,126.79064,93.945694,104.18792,137.20831,119.716866,136.81937,154.47081,151.18707,124.81041,137.1943,157.90114,139.60191,130.88902,147.54065,127.17841,118.08772,151.33301,135.76157,126.39359,168.78796,141.46083,155.7413,
126.740326,152.46736,116.30272,162.54584,126.59053,168.62178,124.22064,94.75156,94.7701,128.46907,121.09654,90.87934,154.96487,147.4407,134.93388,98.40365,144.68854,178.43445,137.27046,98.32566,128.59871,129.00122,155.29279,96.97079,163.51724,151.2833,143.4799,143.13324,147.43861,107.69898,130.01985,120.670204,0,118.48854,132.01282,122.935326,127.01774,156.703,130.64172,111.572586,158.46864,159.23634,122.27501,136.97072,109.77629,126.19094,102.658394,101.30874,105.26162,120.15742,162.06856,105.25077,125.823654,155.56973,150.90952,133.20747,114.67673,158.60616,138.67593,127.48104,144.7789,125.99108,134.90875,125.68853,117.73053,137.70511,119.17039,100.24355,119.58628,89.75355,158.83385,143.10164,101.74459,130.32556,153.68066,160.17865,142.55098,110.50846,141.84941,137.98166,86.19458,123.951675,108.48484,151.74606,146.63069,126.238556,140.96498,126.34207,131.06445,134.59846,152.33795,141.45428,125.5109,107.95595,87.807014,102.61033,140.63745,146.91031,110.66508,145.64629,
152.87572,151.16142,165.8653,180.99171,149.01479,163.47372,141.9589,143.89903,126.16719,165.59254,106.870224,118.36287,130.49033,146.6397,126.61471,119.89745,184.36375,159.41838,176.999,147.82631,143.02556,135.60735,125.00821,130.7596,155.8303,106.887474,112.67955,162.50682,145.19632,99.02769,103.53636,126.57675,118.48854,0,112.20151,138.46191,156.8394,163.1268,153.3263,109.39331,156.62268,116.3395,158.68796,108.7633,131.07434,129.64119,156.42714,151.72142,161.00516,138.5962,164.73222,157.90247,122.965965,114.628784,142.35358,138.33562,115.65028,147.36377,133.24858,146.47438,117.11365,159.25775,105.28479,154.99673,151.6082,151.86787,177.12617,130.90842,173.18964,155.95186,170.71533,160.24442,115.96488,132.07175,161.29996,147.7184,111.63496,126.79296,131.15189,110.181465,137.11278,116.21407,152.49156,152.99747,170.71344,122.78497,171.55978,110.88425,150.08186,166.68336,109.30792,170.92055,127.29706,142.74486,123.90712,160.10712,169.0243,129.68904,149.54587,142.68138,
136.5232,118.29522,140.10753,154.69583,103.45283,142.12567,159.29846,177.47125,143.67914,130.7394,151.47162,157.28569,140.07303,113.65862,88.894936,138.7084,130.63432,141.19363,170.44984,131.75258,139.32063,123.96188,102.11516,112.235794,152.75246,114.37982,114.676895,133.22563,121.67758,143.10649,116.38413,127.39633,132.01282,112.20151,0,139.38823,166.45776,128.58107,162.07484,85.155014,157.61835,114.30546,108.422676,125.53755,124.56265,126.08749,163.12128,151.15338,142.60585,124.90041,173.7991,129.7813,136.32555,122.83468,159.60022,147.1878,137.47229,108.47669,132.7658,139.45085,86.776184,118.44145,130.31285,165.79259,153.70638,78.229454,147.558,138.01161,127.77,136.58252,103.54309,129.26442,89.6791,110.31136,154.23128,145.45255,160.34616,87.22205,131.66228,104.405556,150.27534,89.81651,139.96828,132.02296,143.92352,112.68614,135.48035,91.94176,117.718124,150.94106,141.57336,152.57823,125.37106,130.06384,151.28008,134.32523,157.21489,127.607445,140.9706,120.28818,
123.17085,132.93335,132.43614,148.7499,145.22418,113.28066,126.60902,136.73817,142.89339,132.25238,119.13791,152.69592,101.16928,162.71028,141.5907,121.24268,130.2511,154.76494,162.73268,128.26988,90.73125,124.33812,123.66109,114.140305,120.607994,120.599525,108.28329,133.21558,172.2982,107.78532,142.47546,132.40216,122.935326,138.46191,139.38823,0,150.40436,126.32425,132.19193,145.53021,104.79941,150.56647,130.16005,93.64901,155.80412,134.6859,114.021835,154.54779,127.49609,136.07661,168.01735,134.56029,165.7768,128.35684,156.83968,146.34657,133.11804,169.65048,94.5778,130.96495,132.71504,108.90532,112.52129,156.15817,120.38396,166.5671,109.39233,145.74805,151.52237,134.8341,150.92651,177.20259,119.60469,167.03322,112.60092,140.96729,168.31564,144.58163,81.695946,160.06549,142.54832,119.394905,125.26096,140.33595,193.22751,142.07187,146.3518,144.74908,123.851524,122.208885,167.72107,142.65994,130.17398,101.62416,129.25851,115.219025,145.48155,134.5256,148.10301,140.53201,
186.7788,195.4617,89.33043,154.76212,155.193,151.55426,109.07295,108.90756,133.76315,183.28445,126.65375,121.59791,169.31271,164.3842,209.65843,119.03704,138.54256,146.39172,145.93146,139.5186,159.86076,134.41937,168.9679,147.59015,121.722885,163.01347,183.92722,136.91098,134.94382,185.79568,133.44554,150.65099,127.01774,156.8394,166.45776,150.40436,0,194.49141,115.82935,118.01205,149.82423,172.55576,158.4795,167.2492,140.26163,165.29199,129.42387,88.607834,159.5207,169.61584,140.9703,108.98455,110.34662,147.90074,147.58289,97.946266,146.95085,133.8592,127.55542,136.64587,159.33705,134.47525,126.77436,163.40544,125.05591,158.87518,154.60141,124.53866,158.28941,133.38402,173.72937,160.23161,119.41941,168.5559,97.10949,148.77928,160.92809,149.3553,152.48177,152.99313,112.147736,177.85016,124.57058,158.66258,172.3773,125.02703,137.83585,145.06584,135.39682,170.00423,162.42322,149.34265,130.28247,110.16581,84.15006,137.99976,120.9597,195.15968,124.057076,186.3466,
185.49496,154.30344,165.9005,151.81583,174.78667,189.18808,196.5136,211.65866,169.88612,136.8001,158.27933,208.73906,137.35703,168.5452,134.29114,156.52081,132.4031,183.13817,218.16208,168.6512,162.74455,177.23312,154.56435,113.15552,180.49466,142.3839,168.18022,148.33464,175.95926,151.38559,182.7582,181.63373,156.703,163.1268,128.58107,126.32425,194.49141,0,180.76692,163.37834,147.43669,183.82097,128.03198,140.5277,172.28995,116.06265,151.77667,204.64407,186.77145,162.49828,201.11906,162.2374,196.98953,177.71568,225.76125,172.48305,157.63297,175.35197,152.95465,176.12894,167.4012,143.71931,171.64822,210.16212,149.57184,151.57979,162.56523,183.41682,180.92888,187.72649,158.0978,202.46869,160.19983,174.26868,160.72453,176.39885,220.35657,172.43997,149.71477,153.27176,188.15547,146.23558,154.8784,191.72462,179.3736,133.47299,185.31789,126.2356,113.40726,141.08269,172.47798,178.52283,159.76524,166.49147,186.7947,153.27768,187.442,134.0045,149.58023,184.56033,
154.83199,156.85988,93.14155,135.59181,157.71692,141.72997,131.96739,131.38538,148.93295,158.41821,132.01259,135.78328,159.51816,178.71124,175.67029,108.3339,141.46973,160.78032,102.79899,171.68393,146.569,122.95299,181.56659,143.98218,100.084656,161.46416,159.45322,166.14154,168.46898,134.33308,121.37468,120.133804,130.64172,153.3263,162.07484,132.19193,115.82935,180.76692,0,135.0398,116.92097,137.19348,159.10686,130.6875,157.0505,179.4398,125.03191,125.41311,114.138985,185.8754,104.63231,68.90776,103.03221,174.22551,143.46301,129.52026,103.39524,136.77399,134.83058,146.72075,150.15472,149.38327,159.16682,164.12422,121.11177,169.51282,105.31135,122.82208,182.65991,125.634674,157.49051,164.54141,105.24454,174.13594,110.36568,126.404045,148.59552,128.92448,149.81941,133.96097,113.210754,139.99203,126.1447,158.70976,165.72853,146.2294,129.71217,153.58516,147.50192,153.44135,148.05693,182.76108,154.69727,115.045456,121.2228,121.04866,92.34965,194.49709,118.63896,151.42223,
150.10768,147.63492,95.96721,144.28328,82.69397,133.23026,106.48662,123.44189,88.170975,157.64403,109.63117,121.706924,139.46144,96.62765,126.14255,113.698296,120.73053,112.272545,129.6927,103.77136,145.89062,83.243774,105.21379,103.18788,140.07768,114.25475,139.62071,113.22732,89.95502,143.80998,95.13367,134.72565,111.572586,109.39331,85.155014,145.53021,118.01205,163.37834,135.0398,0,155.11343,110.72954,107.34195,133.2423,109.626366,130.4869,143.8145,106.96196,128.8585,149.60031,154.47261,103.251305,109.73339,107.784096,108.93377,115.981514,112.25391,71.1158,134.09236,134.54805,83.31022,114.70177,113.57447,144.76108,137.25714,97.43995,137.94249,125.25785,121.65054,119.27078,101.244125,82.77632,68.88781,104.511375,129.57431,106.50868,114.78749,99.571754,142.47165,120.64312,116.534775,101.71565,105.535065,107.52325,115.69992,86.11757,114.1442,111.47792,92.87386,139.47252,117.69848,145.58855,108.2215,121.87989,103.67703,120.548035,133.7522,132.98236,139.61981,98.63065,
